xBig_D
exp    maxhp   maxmp   str    end    mag   mgr    hit%   dod%   mbl   fer  rea  invspc
0      100     25      10     10     3     4      7      6      3     8    6    20
25     50 110  25 25   4 5    4 5    0 1   0 1    2 3    1 3    0 0   0 0  1 2  0
75     65 135  25 25   5 6    5 6    0 1   0 1    2 3    1 3    0 0   0 0  1 2  0
150    70 160  25 25   6 7    6 7    0 1   0 1    2 3    1 3    0 0   0 0  1 2  0
225    95 185  25 25   7 8    7 8    0 1   0 1    2 3    1 3    0 0   0 0  1 2  0
350    110 210  25 25   8 9    8 9    0 1   0 1    2 3    1 3    0 0   0 0  1 2  0
475    135 240  25 25   9 10   9 10   0 1   0 1    2 3    1 3    0 0   0 0  1 2  0
600    150 260  25 25   10 11  10 11   0 1   0 1    2 3    1 3    0 0   0 0  1 2  0
