Bull
exp    maxhp   maxmp   str    end    mag   mgr    hit%   dod%   mbl   fer  rea spell
0      34      12       9      9      1     2      7      5      3     5    6    0
5      4 7     2 3     2 4    3 4    0 1   0 1    2 3    1 2    0 0   0 0  1 3   0
11     4 4     2 3     2 3    2 4    0 0   0 2    1 2    0 2    0 0   0 0  1 2   0
18     4 6     2 3     3 4    2 3    0 1   0 1    2 4    2 3    0 0   1 1  2 3   0
26     4 7     2 3     2 4    3 4    0 1   0 1    2 3    1 2    0 0   0 0  1 3   0
35     4 4     2 3     2 3    2 4    0 0   0 2    1 2    0 2    0 0   0 0  1 2   0
75     4 9     2 3     3 4    2 3    0 1   0 1    2 4    2 3    0 0   1 1  2 3   0
156     9 13    2 3     2 4    3 4    0 1   0 1    2 3    1 2    0 0   0 0  1 3   0
168     10 14   2 3     2 3    2 4    0 0   0 2    1 2    0 2    0 0   0 0  1 2   0
281     10 12   2 3     3 4    2 3    0 1   0 1    2 4    2 3    1 1   1 1  2 3   0
395     9 13    2 3     2 4    3 4    0 1   0 1    2 3    1 2    0 0   0 0  1 3   0
450    10 14   2 5     2 3    2 4    0 0   0 2    1 2    0 2    0 0   0 0  1 2   0
506    10 12   2 5     3 4    2 3    0 1   0 1    2 4    2 3    0 0   1 1  2 3   0
643    9 13    2 5     2 4    3 4    0 1   0 1    2 3    1 2    0 0   0 0  1 3   0
761    10 14   2 5     2 3    2 4    0 0   0 2    1 2    0 2    0 0   0 0  1 2   0
800    10 12   4 5     3 4    2 3    0 1   0 1    2 4    2 3    0 0   1 1  2 3   0
900    9 13    4 5     2 4    3 4    0 1   0 1    2 3    1 2    0 0   0 0  1 3   0
1051    10 14   4 5     2 3    2 4    0 0   0 2    1 2    0 2    0 0   0 0  1 2   0
1503    10 12   4 5     3 4    2 3    0 1   0 1    2 4    2 3    0 0   1 1  2 3   0
2566    9 13    4 5     2 4    3 4    0 1   0 1    2 3    1 2    1 1   0 0  1 3   0
3620    10 14   4 5     2 3    2 4    0 0   0 2    1 2    0 2    0 0   0 0  1 2   0
4675    10 12   4 5     3 4    2 3    0 1   0 1    2 4    2 3    0 0   1 1  2 3   0
5741    9 13    4 5     2 4    3 4    0 1   0 1    2 3    1 2    0 0   0 0  1 3   0
7788    10 14   4 5     2 3    2 4    0 0   0 2    1 2    0 2    0 0   0 0  1 2   0
8836    10 12   4 5     3 4    2 3    0 1   0 1    2 4    2 3    0 0   1 1  2 3   0
9880    9 13    4 5     2 4    3 4    0 1   0 1    2 3    1 2    0 0   0 0  1 3   0
10905    10 14   4 5     2 3    2 4    0 0   0 2    1 2    0 2    0 0   0 0  1 2   0
12986    10 12   4 5     3 4    2 3    0 1   0 1    2 4    2 3    0 0   1 1  2 3   0
13051    9 13    4 5     2 4    3 4    0 1   0 1    2 3    1 2    0 0   0 0  1 3   0
15185    10 14   4 5     2 3    2 4    0 0   0 2    1 2    0 2    1 1   0 0  1 2   0
17320    10 12   4 5     3 4    2 3    0 1   0 1    2 4    2 3    0 0   1 1  2 3   0
18456    9 13    4 5     2 4    3 4    0 1   0 1    2 3    1 2    0 0   0 0  1 3   0
19593    10 14   4 5     2 3    2 4    0 0   0 2    1 2    0 2    0 0   0 0  1 2   0
21731    10 12   4 5     3 4    2 3    0 1   0 1    2 4    2 3    0 0   1 1  2 3   0
22870    9 13    4 5     2 4    3 4    0 1   0 1    2 3    1 2    0 0   0 0  1 3   0
23010    10 14   4 5     2 3    2 4    0 0   0 2    1 2    0 2    0 0   0 0  1 2   0
25151    10 12   4 5     3 4    2 3    0 1   0 1    2 4    2 3    0 0   1 1  2 3   0
27293    9 13    4 5     2 4    3 4    0 1   0 1    2 3    1 2    0 0   0 0  1 3   0
28436    10 14   4 5     2 3    2 4    0 0   0 2    1 2    0 2    0 0   0 0  1 2   0
29580    10 12   4 5     3 4    2 3    0 1   0 1    2 4    2 3    1 1   1 1  2 3   0
30725   9 13    4 12    2 4    3 4    0 1   0 1    2 3    1 2    0 0   0 0  1 3   0
32971   10 14   4 5     2 3    2 4    0 0   0 2    1 2    0 2    0 0   0 0  1 2   0
35118   10 12   4 5     3 4    2 3    0 1   0 1    2 4    2 3    0 0   1 1  2 3   0
37366   9 13    4 5     2 4    3 4    0 1   0 1    2 3    1 2    0 0   0 0  1 3   0
39615   10 14   4 5     2 3    2 4    0 0   0 2    1 2    0 2    0 0   0 0  1 2   0
43865   10 12   4 12    3 4    2 3    0 1   0 1    2 4    2 3    0 0   1 1  2 3   0
46068   9 13    4 5     2 4    3 4    0 1   0 1    2 3    1 2    0 0   0 0  1 3   0
49221   10 14   4 5     2 3    2 4    0 0   0 2    1 2    0 2    0 0   0 0  1 2   0
65475   10 12   4 5     3 4    2 3    0 1   0 1    2 4    2 3    0 0   1 1  2 3   0
71475   12 15   2 5   3 5    3 5    0 0   1 2    3 5    2 3    0 1   2 2  3 5 0
81475   12 15   2 5   3 5    3 5    0 0   1 2    3 5    2 3    0 1   2 2  3 5 0
91475   12 15   2 5   3 5    3 5    0 0   1 2    3 5    2 3    0 1   2 2  3 5 0
101475   12 15   2 5   3 5    3 5    0 0   1 2    3 5    2 3    0 1   2 2  3 5 0
111475   12 15   2 5   3 5    3 5    0 0   1 2    3 5    2 3    0 1   2 2  3 5 0
121475   12 15   2 5   3 5    3 5    0 0   1 2    3 5    2 3    0 1   2 2  3 5 0
131475   12 15   2 5   3 5    3 5    0 0   1 2    3 5    2 3    0 1   2 2  3 5 0
146475   12 15   2 5   3 5    3 5    0 0   1 2    3 5    2 3    0 1   2 2  3 5 0
161475   12 15   2 5   3 5    3 5    0 1   1 2    3 5    2 3    0 1   2 2  3 5 0
176475   12 15   2 5   3 5    3 5    0 1   1 2    3 5    2 3    0 1   2 2  3 5 0
191475   12 15   2 5   3 5    3 5    0 1   1 2    3 5    2 3    0 1   2 2  3 5 0
211475   12 15   2 5   3 5    3 5    0 1   1 2    3 5    2 3    0 1   2 2  3 5 0
231475   12 15   2 5   3 5    3 5    0 1   1 2    3 5    2 3    0 1   2 2  3 5 0
251475   12 15   2 5   3 5    3 5    0 1   1 2    3 5    2 3    0 1   2 2  3 5 0
271475   12 15   2 5   3 5    3 5    0 1   1 2    3 5    2 3    0 1   2 2  3 5 0
291475   12 15   2 5   3 5    3 5    0 1   1 2    3 5    2 3    1 1   2 2  3 5 0
311475   12 15   2 5   3 5    3 5    0 1   1 2    3 5    2 3    0 1   2 2  3 5 0
333333   12 15   2 5   3 5    3 5    0 0   1 2    3 5    2 3    0 1   2 2  3 5 0
355555   12 15   2 5   3 5    3 5    0 1   1 2    3 5    2 3    0 1   2 2  3 5 0
377777   12 15   2 5   3 5    3 5    0 1   1 2    3 5    2 3    1 1   2 2  3 5 0
399999   12 15   2 5   3 5    3 5    0 1   1 2    3 5    2 3    0 1   2 2  3 5 0
419999   12 15   2 5   3 5    3 5    0 1   1 2    3 5    2 3    0 1   2 2  3 5 0
449999   12 15   2 5   3 5    3 5    0 1   1 2    3 5    2 3    0 1   2 2  3 5 0
475555   12 15   2 5   3 5    3 5    0 1   1 2    3 5    2 3    1 1   2 2  3 5 0
500000   12 15   2 5   3 5    3 5    0 0   1 2    3 5    2 3    0 1   2 2  3 5 0
531475   12 15   2 5   3 5    3 5    0 1   1 2    3 5    2 3    1 1   2 2  3 5 0
571475   12 15   2 5   3 5    3 5    0 1   1 2    3 5    2 3    0 1   2 2  3 5 0
641475   12 15   2 5   3 5    3 5    0 1   1 2    3 5    2 3    0 1   2 2  3 5 0
691475   12 15   2 5   3 5    3 5    0 1   1 2    3 5    2 3    0 1   2 2  3 5 0
741475   12 15   2 5   3 5    3 5    0 1   1 2    3 5    2 3    0 1   2 2  3 5 0
791475   12 15   2 5   3 5    3 5    0 1   1 2    3 5    2 3    0 1   2 2  3 5 0
841475   12 15   2 5   3 5    3 5    0 1   1 2    3 5    2 3    0 1   2 2  3 5 0
891475   12 15   2 5   3 5    3 5    0 1   1 2    3 5    2 3    0 1   2 2  3 5 0
941475   12 15   2 5   3 5    3 5    0 1   1 2    3 5    2 3    0 1   2 2  3 5 0
999999   12 15   2 5   3 5    3 5    0 1   1 2    3 5    2 3    0 1   2 2  3 5 0
1100000   12 15   2 5   3 5    3 5    0 0   1 2    3 5    2 3    0 1   2 2  3 5 0
1200000   12 15   2 5   3 5    3 5    0 1   1 2    3 5    2 3    0 1   2 2  3 5 0
1300000   12 15   2 5   3 5    3 5    0 1   1 2    3 5    2 3    0 1   2 2  3 5 0
1400000   12 15   2 5   3 5    3 5    0 1   1 2    3 5    2 3    0 1   2 2  3 5 0
5000000   12 15   2 5   3 5    3 5    0 1   1 2    3 5    2 3    1 1   2 2  3 5 0
       
