Dingo
exp    maxhp   maxmp   str    end    mag   mgr    hit%   dod%   mbl   fer  rea spell
0      34      12       9      9      1     2      7      5      3     5    6   0
5      4 7     2 3     2 4    3 4    0 1   0 1    2 3    1 2    0 0   0 0  1 3  0
11     4 4     2 3     2 3    2 4    0 0   0 2    1 2    0 2    0 0   0 0  1 2  0
18     4 6     2 3     3 4    2 3    0 1   0 1    2 4    2 3    0 0   1 1  2 3  0
26     4 7     2 3     2 4    3 4    0 1   0 1    2 3    1 2    0 0   0 0  1 3  0
35     4 4     2 3     2 3    2 4    0 0   0 2    1 2    0 2    0 0   0 0  1 2  0
75     4 9     2 3     3 4    2 3    0 1   0 1    2 4    2 3    0 0   1 1  2 3  0
156     9 13    2 3     2 4    3 4    0 1   0 1    2 3    1 2    0 0   0 0  1 3  0
188     10 14   2 3     2 3    2 4    0 0   0 2    1 2    0 2    0 0   0 0  1 2  0
261     10 12   2 3     3 4    2 3    0 1   0 1    2 4    2 3    1 1   1 1  2 3  0
325     9 13    2 3     2 4    3 4    0 1   0 1    2 3    1 2    0 0   0 0  1 3  0
450    10 14   2 5     2 3    2 4    0 0   0 2    1 2    0 2    0 0   0 0  1 2  0
576    10 12   2 5     3 4    2 3    0 1   0 1    2 4    2 3    0 0   1 1  2 3  0 
693    9 13    2 5     2 4    3 4    0 1   0 1    2 3    1 2    0 0   0 0  1 3  0
721    10 14   2 5     2 3    2 4    0 0   0 2    1 2    0 2    0 0   0 0  1 2  0
840    10 12   4 5     3 4    2 3    0 1   0 1    2 4    2 3    0 0   1 1  2 3  0
980    9 13    4 5     2 4    3 4    0 1   0 1    2 3    1 2    0 0   0 0  1 3  0
1021    10 14   4 5     2 3    2 4    0 0   0 2    1 2    0 2    0 0   0 0  1 2  0
1363    10 12   4 5     3 4    2 3    0 1   0 1    2 4    2 3    0 0   1 1  2 3  0
1806    9 13    4 5     2 4    3 4    0 1   0 1    2 3    1 2    1 1   0 0  1 3  0
2450    10 14   4 5     2 3    2 4    0 0   0 2    1 2    0 2    0 0   0 0  1 2  0
2815    10 12   4 5     3 4    2 3    0 1   0 1    2 4    2 3    0 0   1 1  2 3  0
3361    9 13    4 5     2 4    3 4    0 1   0 1    2 3    1 2    0 0   0 0  1 3  0
4668    10 14   4 5     2 3    2 4    0 0   0 2    1 2    0 2    0 0   0 0  1 2  0
5760    10 12   4 5     3 4    2 3    0 1   0 1    2 4    2 3    0 0   1 1  2 3  0
6825    9 13    4 5     2 4    3 4    0 1   0 1    2 3    1 2    0 0   0 0  1 3  0
7955    10 14   4 5     2 3    2 4    0 0   0 2    1 2    0 2    0 0   0 0  1 2  0
9086    10 12   4 5     3 4    2 3    0 1   0 1    2 4    2 3    0 0   1 1  2 3   0
10251    9 13    4 5     2 4    3 4    0 1   0 1    2 3    1 2    0 0   0 0  1 3   0
11485    10 14   4 5     2 3    2 4    0 0   0 2    1 2    0 2    1 1   0 0  1 2   0
12620    10 12   4 5     3 4    2 3    0 1   0 1    2 4    2 3    0 0   1 1  2 3   0
13856    9 13    4 5     2 4    3 4    0 1   0 1    2 3    1 2    0 0   0 0  1 3   0
14193    10 14   4 5     2 3    2 4    0 0   0 2    1 2    0 2    0 0   0 0  1 2   0
15331    10 12   4 5     3 4    2 3    0 1   0 1    2 4    2 3    0 0   1 1  2 3   0
16470    9 13    4 5     2 4    3 4    0 1   0 1    2 3    1 2    0 0   0 0  1 3   0
17610    10 14   4 5     2 3    2 4    0 0   0 2    1 2    0 2    0 0   0 0  1 2   0
19751    10 12   4 5     3 4    2 3    0 1   0 1    2 4    2 3    0 0   1 1  2 3   0
20893    9 13    4 5     2 4    3 4    0 1   0 1    2 3    1 2    0 0   0 0  1 3   0
23036    10 14   4 5     2 3    2 4    0 0   0 2    1 2    0 2    0 0   0 0  1 2   0
25280    10 12   4 5     3 4    2 3    0 1   0 1    2 4    2 3    1 1   1 1  2 3   0
27425   9 13    4 12    2 4    3 4    0 1   0 1    2 3    1 2    0 0   0 0  1 3   0
29671   10 14   4 5     2 3    2 4    0 0   0 2    1 2    0 2    0 0   0 0  1 2   0
31918   10 12   4 5     3 4    2 3    0 1   0 1    2 4    2 3    0 0   1 1  2 3   0
34166   9 13    4 5     2 4    3 4    0 1   0 1    2 3    1 2    0 0   0 0  1 3   0
36315   10 14   4 5     2 3    2 4    0 0   0 2    1 2    0 2    0 0   0 0  1 2   0
38565   10 12   4 12    3 4    2 3    0 1   0 1    2 4    2 3    0 0   1 1  2 3   0
44768   9 13    4 5     2 4    3 4    0 1   0 1    2 3    1 2    0 0   0 0  1 3  0
54921   10 14   4 5     2 3    2 4    0 0   0 2    1 2    0 2    0 0   0 0  1 2  0
65475   10 12   4 5     3 4    2 3    0 1   0 1    2 4    2 3    0 0   1 1  2 3  0
71475   12 15   2 15   3 5    3 5    0 5   1 2    3 5    2 3    1 1   2 2  3 5 0
81475   12 15   2 15   3 5    3 5    0 5   1 2    3 5    2 3    1 1   2 2  3 5 0
91475   12 15   2 15   3 5    3 5    0 5   1 2    3 5    2 3    1 1   2 2  3 5 0
101475   12 15   2 15   3 5    3 5    0 5   1 2    3 5    2 3    1 1   2 2  3 5 0
111475   12 15   2 15   3 5    3 5    0 5   1 2    3 5    2 3    1 1   2 2  3 5 0
121475   12 15   2 15   3 5    3 5    0 5   1 2    3 5    2 3    1 1   2 2  3 5 0
131475   12 15   2 15   3 5    3 5    0 5   1 2    3 5    2 3    1 1   2 2  3 5 0
146475   12 15   2 15   3 5    3 5    30 50   1 2    3 5    2 3    1 1   2 2  3 5 0
161475   12 15   2 15   3 5    3 5    0 5   1 2    3 5    2 3    1 1   2 2  3 5 0
176475   12 15   2 15   3 5    3 5    0 5   1 2    3 5    2 3    1 1   2 2  3 5 0
191475   12 15   2 15   3 5    3 5    0 5   1 2    3 5    2 3    1 1   2 2  3 5 0
211475   12 15   4 15   3 5    3 5    0 5   1 2    3 5    2 3    1 1   2 2  3 5 0
231475   12 15   2 15   3 5    3 5    0 5   1 2    3 5    2 3    1 1   2 2  3 5 0
251475   12 15   2 15   3 5    3 5    30 50   1 2    3 5    2 3    1 1   2 2  3 5 0
271475   12 15   2 15   3 5    3 5    0 5   1 2    3 5    2 3    1 1   2 2  3 5 0
291475   12 15   2 15   3 5    3 5    0 5   1 2    3 5    2 3    1 1   2 2  3 5 0
311475   12 15   2 15   3 5    3 5    0 5   1 2    3 5    2 3    1 1   2 2  3 5 0
333333   12 15   2 15   3 5    3 5    0 5   1 2    3 5    2 3    1 1   2 2  3 5 0
355555   12 15   2 15   3 5    3 5    0 5   1 2    3 5    2 3    1 1   2 2  3 5 0
377777   12 15   4 15   3 5    3 5    0 5   1 2    3 5    2 3    1 1   2 2  3 5 0
399999   12 15   2 15   3 5    3 5    0 5   1 2    3 5    2 3    1 1   2 2  3 5 0
419999   12 15   2 15   3 5    3 5    30 50   1 2    3 5    2 3    1 1   2 2  3 5 0
449999   12 15   2 15   3 5    3 5    0 5   1 2    3 5    2 3    1 1   2 2  3 5 0
475555   12 15   2 15   3 5    3 5    0 5   1 2    3 5    2 3    1 1   2 2  3 5 0
500000   12 15   2 15   3 5    3 5    0 5   1 2    3 5    2 3    1 1   2 2  3 5 0
531475   12 15   2 15   3 5    3 5    0 5   1 2    3 5    2 3    1 1   2 2  3 5 0
571475   12 15   2 15   3 5    3 5    0 5   1 2    3 5    2 3    1 1   2 2  3 5 0
641475   12 15   2 15   3 5    3 5    0 5   1 2    3 5    2 3    1 1   2 2  3 5 0
691475   12 15   2 15   3 5    3 5    0 5   1 2    3 5    2 3    1 1   2 2  3 5 0
741475   12 15   2 15   3 5    3 5    0 5   1 2    3 5    2 3    1 1   2 2  3 5 0
791475   12 15   2 15   3 5    3 5    0 5   1 2    3 5    2 3    1 1   2 2  3 5 0
841475   12 15   2 15   3 5    3 5    0 5   1 2    3 5    2 3    1 1   2 2  3 5 0
891475   12 15   2 15   3 5    3 5    0 5   1 2    3 5    2 3    1 1   2 2  3 5 0
941475   12 15   2 15   3 5    3 5    0 5   1 2    3 5    2 3    1 1   2 2  3 5 0
999999   12 15   2 15   3 5    3 5    0 5   1 2    3 5    2 3    1 1   2 2  3 5 0
1100000   12 15   2 15   3 5    3 5    0 5   1 2    3 5    2 3    1 1   2 2  3 5 0
1200000   12 15   2 15   3 5    3 5    0 5   1 2    3 5    2 3    1 1   2 2  3 5 0
1300000   12 15   2 15   3 5    3 5    0 5   1 2    3 5    2 3    1 1   2 2  3 5 0
1400000   12 15   2 15   3 5    3 5    0 5   1 2    3 5    2 3    1 1   2 2  3 5 0
5000000   12 15   2 15   3 5    3 5    0 5   1 2    3 5    2 3    1 1   2 2  3 5 0
       
